-100,-5,3.14159265,3.14159265
-1100,5,0,0
-100,-5,3.14159265,3.14159265
-1100,5,0,0
-100,-5,3.14159265,3.14159265
-1100,5,0,0
-100,-5,3.14159265,3.14159265
-1100,5,0,0
-100,-5,3.14159265,3.14159265
-1100,5,0,0
-100,-5,3.14159265,3.14159265
-1100,5,0,0
-100,-5,3.14159265,3.14159265
-1100,5,0,0
-100,-5,3.14159265,3.14159265
200,5,0,0
-1100,-5,3.14159265,3.14159265
-1100,5,0,0
-1100,-5,3.14159265,3.14159265
-1100,5,0,0
-1100,-5,3.14159265,3.14159265
-1100,5,0,0
-1100,-5,3.14159265,3.14159265
-1100,5,0,0
-1100,-5,3.14159265,3.14159265
-1100,5,0,0
-1100,-5,3.14159265,3.14159265
-1100,5,0,0
-1100,-5,3.14159265,3.14159265
-1100,5,0,0
-1100,-5,3.14159265,3.14159265
200,5,0,0
