-100,-5,3.14159265,3.14159265
-99,-5,3.14159265,3.14159265
-98,-5,3.14159265,3.14159265
-97,-5,3.14159265,3.14159265
-96,-5,3.14159265,3.14159265
-95,-5,3.14159265,3.14159265
-94,-5,3.14159265,3.14159265
-93,-5,3.14159265,3.14159265
-92,-5,3.14159265,3.14159265
-91,-5,3.14159265,3.14159265
-90,-5,3.14159265,3.14159265
-89,-5,3.14159265,3.14159265
-88,-5,3.14159265,3.14159265
-87,-5,3.14159265,3.14159265
-86,-5,3.14159265,3.14159265
-85,-5,3.14159265,3.14159265
-84,-5,3.14159265,3.14159265
-83,-5,3.14159265,3.14159265
-82,-5,3.14159265,3.14159265
-81,-5,3.14159265,3.14159265
-80,-5,3.14159265,3.14159265
-79,-5,3.14159265,3.14159265
-78,-5,3.14159265,3.14159265
-77,-5,3.14159265,3.14159265
-76,-5,3.14159265,3.14159265
-75,-5,3.14159265,3.14159265
-74,-5,3.14159265,3.14159265
-73,-5,3.14159265,3.14159265
-72,-5,3.14159265,3.14159265
-71,-5,3.14159265,3.14159265
-70,-5,3.14159265,3.14159265
-69,-5,3.14159265,3.14159265
-68,-5,3.14159265,3.14159265
-67,-5,3.14159265,3.14159265
-66,-5,3.14159265,3.14159265
-65,-5,3.14159265,3.14159265
-64,-5,3.14159265,3.14159265
-63,-5,3.14159265,3.14159265
-62,-5,3.14159265,3.14159265
-61,-5,3.14159265,3.14159265
-60,-5,3.14159265,3.14159265
-59,-5,3.14159265,3.14159265
-58,-5,3.14159265,3.14159265
-57,-5,3.14159265,3.14159265
-56,-5,3.14159265,3.14159265
-55,-5,3.14159265,3.14159265
-54,-5,3.14159265,3.14159265
-53,-5,3.14159265,3.14159265
-52,-5,3.14159265,3.14159265
-51,-5,3.14159265,3.14159265
-50,-5,3.14159265,3.14159265
-49,-5,3.14159265,3.14159265
-48,-5,3.14159265,3.14159265
-47,-5,3.14159265,3.14159265
-46,-5,3.14159265,3.14159265
-45,-5,3.14159265,3.14159265
-44,-5,3.14159265,3.14159265
-43,-5,3.14159265,3.14159265
-42,-5,3.14159265,3.14159265
-41,-5,3.14159265,3.14159265
-40,-5,3.14159265,3.14159265
-39,-5,3.14159265,3.14159265
-38,-5,3.14159265,3.14159265
-37,-5,3.14159265,3.14159265
-36,-5,3.14159265,3.14159265
-35,-5,3.14159265,3.14159265
-34,-5,3.14159265,3.14159265
-33,-5,3.14159265,3.14159265
-32,-5,3.14159265,3.14159265
-31,-5,3.14159265,3.14159265
-30,-5,3.14159265,3.14159265
-29,-5,3.14159265,3.14159265
-28,-5,3.14159265,3.14159265
-27,-5,3.14159265,3.14159265
-26,-5,3.14159265,3.14159265
-25,-5,3.14159265,3.14159265
-24,-5,3.14159265,3.14159265
-23,-5,3.14159265,3.14159265
-22,-5,3.14159265,3.14159265
-21,-5,3.14159265,3.14159265
-20,-5,3.14159265,3.14159265
-19,-5,3.14159265,3.14159265
-18,-5,3.14159265,3.14159265
-17,-5,3.14159265,3.14159265
-16,-5,3.14159265,3.14159265
-15,-5,3.14159265,3.14159265
-14,-5,3.14159265,3.14159265
-13,-5,3.14159265,3.14159265
-12,-5,3.14159265,3.14159265
-11,-5,3.14159265,3.14159265
-10,-5,3.14159265,3.14159265
-9,-5,3.14159265,3.14159265
-8,-5,3.14159265,3.14159265
-7,-5,3.14159265,3.14159265
-6,-5,3.14159265,3.14159265
-5,-5,3.14159265,3.14159265
-4,-5,3.14159265,3.14159265
-3,-5,3.14159265,3.14159265
-2,-5,3.14159265,3.14159265
-1,-5,3.14159265,3.14159265
0,-5,3.14159265,3.14159265
-1100,5,0,0
-1099,5,0,0
-1098,5,0,0
-1097,5,0,0
-1096,5,0,0
-1095,5,0,0
-1094,5,0,0
-1093,5,0,0
-1092,5,0,0
-1091,5,0,0
-1090,5,0,0
-1089,5,0,0
-1088,5,0,0
-1087,5,0,0
-1086,5,0,0
-1085,5,0,0
-1084,5,0,0
-1083,5,0,0
-1082,5,0,0
-1081,5,0,0
-1080,5,0,0
-1079,5,0,0
-1078,5,0,0
-1077,5,0,0
-1076,5,0,0
-1075,5,0,0
-1074,5,0,0
-1073,5,0,0
-1072,5,0,0
-1071,5,0,0
-1070,5,0,0
-1069,5,0,0
-1068,5,0,0
-1067,5,0,0
-1066,5,0,0
-1065,5,0,0
-1064,5,0,0
-1063,5,0,0
-1062,5,0,0
-1061,5,0,0
-1060,5,0,0
-1059,5,0,0
-1058,5,0,0
-1057,5,0,0
-1056,5,0,0
-1055,5,0,0
-1054,5,0,0
-1053,5,0,0
-1052,5,0,0
-1051,5,0,0
-1050,5,0,0
-1049,5,0,0
-1048,5,0,0
-1047,5,0,0
-1046,5,0,0
-1045,5,0,0
-1044,5,0,0
-1043,5,0,0
-1042,5,0,0
-1041,5,0,0
-1040,5,0,0
-1039,5,0,0
-1038,5,0,0
-1037,5,0,0
-1036,5,0,0
-1035,5,0,0
-1034,5,0,0
-1033,5,0,0
-1032,5,0,0
-1031,5,0,0
-1030,5,0,0
-1029,5,0,0
-1028,5,0,0
-1027,5,0,0
-1026,5,0,0
-1025,5,0,0
-1024,5,0,0
-1023,5,0,0
-1022,5,0,0
-1021,5,0,0
-1020,5,0,0
-1019,5,0,0
-1018,5,0,0
-1017,5,0,0
-1016,5,0,0
-1015,5,0,0
-1014,5,0,0
-1013,5,0,0
-1012,5,0,0
-1011,5,0,0
-1010,5,0,0
-1009,5,0,0
-1008,5,0,0
-1007,5,0,0
-1006,5,0,0
-1005,5,0,0
-1004,5,0,0
-1003,5,0,0
-1002,5,0,0
-1001,5,0,0
-1000,5,0,0
-2100,10,0,0
-2099,10,0,0
-2098,10,0,0
-2097,10,0,0
-2096,10,0,0
-2095,10,0,0
-2094,10,0,0
-2093,10,0,0
-2092,10,0,0
-2091,10,0,0
-2090,10,0,0
-2089,10,0,0
-2088,10,0,0
-2087,10,0,0
-2086,10,0,0
-2085,10,0,0
-2084,10,0,0
-2083,10,0,0
-2082,10,0,0
-2081,10,0,0
-2080,10,0,0
-2079,10,0,0
-2078,10,0,0
-2077,10,0,0
-2076,10,0,0
-2075,10,0,0
-2074,10,0,0
-2073,10,0,0
-2072,10,0,0
-2071,10,0,0
-2070,10,0,0
-2069,10,0,0
-2068,10,0,0
-2067,10,0,0
-2066,10,0,0
-2065,10,0,0
-2064,10,0,0
-2063,10,0,0
-2062,10,0,0
-2061,10,0,0
-2060,10,0,0
-2059,10,0,0
-2058,10,0,0
-2057,10,0,0
-2056,10,0,0
-2055,10,0,0
-2054,10,0,0
-2053,10,0,0
-2052,10,0,0
-2051,10,0,0
-2050,10,0,0
-2049,10,0,0
-2048,10,0,0
-2047,10,0,0
-2046,10,0,0
-2045,10,0,0
-2044,10,0,0
-2043,10,0,0
-2042,10,0,0
-2041,10,0,0
-2040,10,0,0
-2039,10,0,0
-2038,10,0,0
-2037,10,0,0
-2036,10,0,0
-2035,10,0,0
-2034,10,0,0
-2033,10,0,0
-2032,10,0,0
-2031,10,0,0
-2030,10,0,0
-2029,10,0,0
-2028,10,0,0
-2027,10,0,0
-2026,10,0,0
-2025,10,0,0
-2024,10,0,0
-2023,10,0,0
-2022,10,0,0
-2021,10,0,0
-2020,10,0,0
-2019,10,0,0
-2018,10,0,0
-2017,10,0,0
-2016,10,0,0
-2015,10,0,0
-2014,10,0,0
-2013,10,0,0
-2012,10,0,0
-2011,10,0,0
-2010,10,0,0
-2009,10,0,0
-2008,10,0,0
-2007,10,0,0
-2006,10,0,0
-2005,10,0,0
-2004,10,0,0
-2003,10,0,0
-2002,10,0,0
-2001,10,0,0
-2000,10,0,0
-3100,5,0,0
-3099,5,0,0
-3098,5,0,0
-3097,5,0,0
-3096,5,0,0
-3095,5,0,0
-3094,5,0,0
-3093,5,0,0
-3092,5,0,0
-3091,5,0,0
-3090,5,0,0
-3089,5,0,0
-3088,5,0,0
-3087,5,0,0
-3086,5,0,0
-3085,5,0,0
-3084,5,0,0
-3083,5,0,0
-3082,5,0,0
-3081,5,0,0
-3080,5,0,0
-3079,5,0,0
-3078,5,0,0
-3077,5,0,0
-3076,5,0,0
-3075,5,0,0
-3074,5,0,0
-3073,5,0,0
-3072,5,0,0
-3071,5,0,0
-3070,5,0,0
-3069,5,0,0
-3068,5,0,0
-3067,5,0,0
-3066,5,0,0
-3065,5,0,0
-3064,5,0,0
-3063,5,0,0
-3062,5,0,0
-3061,5,0,0
-3060,5,0,0
-3059,5,0,0
-3058,5,0,0
-3057,5,0,0
-3056,5,0,0
-3055,5,0,0
-3054,5,0,0
-3053,5,0,0
-3052,5,0,0
-3051,5,0,0
-3050,5,0,0
-3049,5,0,0
-3048,5,0,0
-3047,5,0,0
-3046,5,0,0
-3045,5,0,0
-3044,5,0,0
-3043,5,0,0
-3042,5,0,0
-3041,5,0,0
-3040,5,0,0
-3039,5,0,0
-3038,5,0,0
-3037,5,0,0
-3036,5,0,0
-3035,5,0,0
-3034,5,0,0
-3033,5,0,0
-3032,5,0,0
-3031,5,0,0
-3030,5,0,0
-3029,5,0,0
-3028,5,0,0
-3027,5,0,0
-3026,5,0,0
-3025,5,0,0
-3024,5,0,0
-3023,5,0,0
-3022,5,0,0
-3021,5,0,0
-3020,5,0,0
-3019,5,0,0
-3018,5,0,0
-3017,5,0,0
-3016,5,0,0
-3015,5,0,0
-3014,5,0,0
-3013,5,0,0
-3012,5,0,0
-3011,5,0,0
-3010,5,0,0
-3009,5,0,0
-3008,5,0,0
-3007,5,0,0
-3006,5,0,0
-3005,5,0,0
-3004,5,0,0
-3003,5,0,0
-3002,5,0,0
-3001,5,0,0
-3000,5,0,0
