-100,-4.8,3.14159265,3.14159265
-100,5.2,0,0
-100,-4.8,3.14159265,3.14159265
-100,5.2,0,0
-100,-4.8,3.14159265,3.14159265
-100,5.2,0,0
-100,-4.8,3.14159265,3.14159265
-100,5.2,0,0
-100,-4.8,3.14159265,3.14159265
-100,5.2,0,0
-100,-4.8,3.14159265,3.14159265
-100,5.2,0,0
-100,-4.8,3.14159265,3.14159265
-100,5.2,0,0
-100,-4.8,3.14159265,3.14159265
200,5.2,0,0
-1100,-4.8,3.14159265,3.14159265
-1100,5.2,0,0
-1100,-4.8,3.14159265,3.14159265
-1100,5.2,0,0
-1100,-4.8,3.14159265,3.14159265
-1100,5.2,0,0
-1100,-4.8,3.14159265,3.14159265
-1100,5.2,0,0
-1100,-4.8,3.14159265,3.14159265
-1100,5.2,0,0
-1100,-4.8,3.14159265,3.14159265
-1100,5.2,0,0
-1100,-4.8,3.14159265,3.14159265
-1100,5.2,0,0
-1100,-4.8,3.14159265,3.14159265
200,5.2,0,0
