-5120,10,0,0
-5119,10,0,0
-5118,10,0,0
-5117,10,0,0
-5116,10,0,0
-5115,10,0,0
-5114,10,0,0
-5113,10,0,0
-5112,10,0,0
-5111,10,0,0
-5110,10,0,0
-5109,10,0,0
-5108,10,0,0
-5107,10,0,0
-5106,10,0,0
-5105,10,0,0
-5104,10,0,0
-5103,10,0,0
-5102,10,0,0
-5101,10,0,0
-5100,10,0,0
-5099,10,0,0
-5098,10,0,0
-5097,10,0,0
-5096,10,0,0
-5095,10,0,0
-5094,10,0,0
-5093,10,0,0
-5092,10,0,0
-5091,10,0,0
-5090,10,0,0
-5089,10,0,0
-5088,10,0,0
-5087,10,0,0
-5086,10,0,0
-5085,10,0,0
-5084,10,0,0
-5083,10,0,0
-5082,10,0,0
-5081,10,0,0
-5080,10,0,0
-5079,10,0,0
-5078,10,0,0
-5077,10,0,0
-5076,10,0,0
-5075,10,0,0
-5074,10,0,0
-5073,10,0,0
-5072,10,0,0
-5071,10,0,0
-5070,10,0,0
-5069,10,0,0
-5068,10,0,0
-5067,10,0,0
-5066,10,0,0
-5065,10,0,0
-5064,10,0,0
-5063,10,0,0
-5062,10,0,0
-5061,10,0,0
-5060,10,0,0
-5059,10,0,0
-5058,10,0,0
-5057,10,0,0
-5056,10,0,0
-5055,10,0,0
-5054,10,0,0
-5053,10,0,0
-5052,10,0,0
-5051,10,0,0
-5050,10,0,0
-5049,10,0,0
-5048,10,0,0
-5047,10,0,0
-5046,10,0,0
-5045,10,0,0
-5044,10,0,0
-5043,10,0,0
-5042,10,0,0
-5041,10,0,0
-5040,10,0,0
-5039,10,0,0
-5038,10,0,0
-5037,10,0,0
-5036,10,0,0
-5035,10,0,0
-5034,10,0,0
-5033,10,0,0
-5032,10,0,0
-5031,10,0,0
-5030,10,0,0
-5029,10,0,0
-5028,10,0,0
-5027,10,0,0
-5026,10,0,0
-5025,10,0,0
-5024,10,0,0
-5023,10,0,0
-5022,10,0,0
-5021,10,0,0
-5020,10,0,0
-5019,10,0,0
-5018,10,0,0
-5017,10,0,0
-5016,10,0,0
-5015,10,0,0
-5014,10,0,0
-5013,10,0,0
-5012,10,0,0
-5011,10,0,0
-5010,10,0,0
-5009,10,0,0
-5008,10,0,0
-5007,10,0,0
-5006,10,0,0
-5005,10,0,0
-5004,10,0,0
-5003,10,0,0
-5002,10,0,0
-5001,10,0,0
-5000,10,0,0
-120,-5,3.14159265,3.14159265
-119,-5,3.14159265,3.14159265
-118,-5,3.14159265,3.14159265
-117,-5,3.14159265,3.14159265
-116,-5,3.14159265,3.14159265
-115,-5,3.14159265,3.14159265
-114,-5,3.14159265,3.14159265
-113,-5,3.14159265,3.14159265
-112,-5,3.14159265,3.14159265
-111,-5,3.14159265,3.14159265
-110,-5,3.14159265,3.14159265
-109,-5,3.14159265,3.14159265
-108,-5,3.14159265,3.14159265
-107,-5,3.14159265,3.14159265
-106,-5,3.14159265,3.14159265
-105,-5,3.14159265,3.14159265
-104,-5,3.14159265,3.14159265
-103,-5,3.14159265,3.14159265
-102,-5,3.14159265,3.14159265
-101,-5,3.14159265,3.14159265
-100,-5,3.14159265,3.14159265
-99,-5,3.14159265,3.14159265
-98,-5,3.14159265,3.14159265
-97,-5,3.14159265,3.14159265
-96,-5,3.14159265,3.14159265
-95,-5,3.14159265,3.14159265
-94,-5,3.14159265,3.14159265
-93,-5,3.14159265,3.14159265
-92,-5,3.14159265,3.14159265
-91,-5,3.14159265,3.14159265
-90,-5,3.14159265,3.14159265
-89,-5,3.14159265,3.14159265
-88,-5,3.14159265,3.14159265
-87,-5,3.14159265,3.14159265
-86,-5,3.14159265,3.14159265
-85,-5,3.14159265,3.14159265
-84,-5,3.14159265,3.14159265
-83,-5,3.14159265,3.14159265
-82,-5,3.14159265,3.14159265
-81,-5,3.14159265,3.14159265
-80,-5,3.14159265,3.14159265
-79,-5,3.14159265,3.14159265
-78,-5,3.14159265,3.14159265
-77,-5,3.14159265,3.14159265
-76,-5,3.14159265,3.14159265
-75,-5,3.14159265,3.14159265
-74,-5,3.14159265,3.14159265
-73,-5,3.14159265,3.14159265
-72,-5,3.14159265,3.14159265
-71,-5,3.14159265,3.14159265
-70,-5,3.14159265,3.14159265
-69,-5,3.14159265,3.14159265
-68,-5,3.14159265,3.14159265
-67,-5,3.14159265,3.14159265
-66,-5,3.14159265,3.14159265
-65,-5,3.14159265,3.14159265
-64,-5,3.14159265,3.14159265
-63,-5,3.14159265,3.14159265
-62,-5,3.14159265,3.14159265
-61,-5,3.14159265,3.14159265
-60,-5,3.14159265,3.14159265
-59,-5,3.14159265,3.14159265
-58,-5,3.14159265,3.14159265
-57,-5,3.14159265,3.14159265
-56,-5,3.14159265,3.14159265
-55,-5,3.14159265,3.14159265
-54,-5,3.14159265,3.14159265
-53,-5,3.14159265,3.14159265
-52,-5,3.14159265,3.14159265
-51,-5,3.14159265,3.14159265
-50,-5,3.14159265,3.14159265
-49,-5,3.14159265,3.14159265
-48,-5,3.14159265,3.14159265
-47,-5,3.14159265,3.14159265
-46,-5,3.14159265,3.14159265
-45,-5,3.14159265,3.14159265
-44,-5,3.14159265,3.14159265
-43,-5,3.14159265,3.14159265
-42,-5,3.14159265,3.14159265
-41,-5,3.14159265,3.14159265
-40,-5,3.14159265,3.14159265
-39,-5,3.14159265,3.14159265
-38,-5,3.14159265,3.14159265
-37,-5,3.14159265,3.14159265
-36,-5,3.14159265,3.14159265
-35,-5,3.14159265,3.14159265
-34,-5,3.14159265,3.14159265
-33,-5,3.14159265,3.14159265
-32,-5,3.14159265,3.14159265
-31,-5,3.14159265,3.14159265
-30,-5,3.14159265,3.14159265
-29,-5,3.14159265,3.14159265
-28,-5,3.14159265,3.14159265
-27,-5,3.14159265,3.14159265
-26,-5,3.14159265,3.14159265
-25,-5,3.14159265,3.14159265
-24,-5,3.14159265,3.14159265
-23,-5,3.14159265,3.14159265
-22,-5,3.14159265,3.14159265
-21,-5,3.14159265,3.14159265
-20,-5,3.14159265,3.14159265
-19,-5,3.14159265,3.14159265
-18,-5,3.14159265,3.14159265
-17,-5,3.14159265,3.14159265
-16,-5,3.14159265,3.14159265
-15,-5,3.14159265,3.14159265
-14,-5,3.14159265,3.14159265
-13,-5,3.14159265,3.14159265
-12,-5,3.14159265,3.14159265
-11,-5,3.14159265,3.14159265
-10,-5,3.14159265,3.14159265
-9,-5,3.14159265,3.14159265
-8,-5,3.14159265,3.14159265
-7,-5,3.14159265,3.14159265
-6,-5,3.14159265,3.14159265
-5,-5,3.14159265,3.14159265
-4,-5,3.14159265,3.14159265
-3,-5,3.14159265,3.14159265
-2,-5,3.14159265,3.14159265
-1,-5,3.14159265,3.14159265
0,-5,3.14159265,3.14159265
-1120,5,0,0
-1119,5,0,0
-1118,5,0,0
-1117,5,0,0
-1116,5,0,0
-1115,5,0,0
-1114,5,0,0
-1113,5,0,0
-1112,5,0,0
-1111,5,0,0
-1110,5,0,0
-1109,5,0,0
-1108,5,0,0
-1107,5,0,0
-1106,5,0,0
-1105,5,0,0
-1104,5,0,0
-1103,5,0,0
-1102,5,0,0
-1101,5,0,0
-1100,5,0,0
-1099,5,0,0
-1098,5,0,0
-1097,5,0,0
-1096,5,0,0
-1095,5,0,0
-1094,5,0,0
-1093,5,0,0
-1092,5,0,0
-1091,5,0,0
-1090,5,0,0
-1089,5,0,0
-1088,5,0,0
-1087,5,0,0
-1086,5,0,0
-1085,5,0,0
-1084,5,0,0
-1083,5,0,0
-1082,5,0,0
-1081,5,0,0
-1080,5,0,0
-1079,5,0,0
-1078,5,0,0
-1077,5,0,0
-1076,5,0,0
-1075,5,0,0
-1074,5,0,0
-1073,5,0,0
-1072,5,0,0
-1071,5,0,0
-1070,5,0,0
-1069,5,0,0
-1068,5,0,0
-1067,5,0,0
-1066,5,0,0
-1065,5,0,0
-1064,5,0,0
-1063,5,0,0
-1062,5,0,0
-1061,5,0,0
-1060,5,0,0
-1059,5,0,0
-1058,5,0,0
-1057,5,0,0
-1056,5,0,0
-1055,5,0,0
-1054,5,0,0
-1053,5,0,0
-1052,5,0,0
-1051,5,0,0
-1050,5,0,0
-1049,5,0,0
-1048,5,0,0
-1047,5,0,0
-1046,5,0,0
-1045,5,0,0
-1044,5,0,0
-1043,5,0,0
-1042,5,0,0
-1041,5,0,0
-1040,5,0,0
-1039,5,0,0
-1038,5,0,0
-1037,5,0,0
-1036,5,0,0
-1035,5,0,0
-1034,5,0,0
-1033,5,0,0
-1032,5,0,0
-1031,5,0,0
-1030,5,0,0
-1029,5,0,0
-1028,5,0,0
-1027,5,0,0
-1026,5,0,0
-1025,5,0,0
-1024,5,0,0
-1023,5,0,0
-1022,5,0,0
-1021,5,0,0
-1020,5,0,0
-1019,5,0,0
-1018,5,0,0
-1017,5,0,0
-1016,5,0,0
-1015,5,0,0
-1014,5,0,0
-1013,5,0,0
-1012,5,0,0
-1011,5,0,0
-1010,5,0,0
-1009,5,0,0
-1008,5,0,0
-1007,5,0,0
-1006,5,0,0
-1005,5,0,0
-1004,5,0,0
-1003,5,0,0
-1002,5,0,0
-1001,5,0,0
-1000,5,0,0
-2120,-5,3.14159265,3.14159265
-2119,-5,3.14159265,3.14159265
-2118,-5,3.14159265,3.14159265
-2117,-5,3.14159265,3.14159265
-2116,-5,3.14159265,3.14159265
-2115,-5,3.14159265,3.14159265
-2114,-5,3.14159265,3.14159265
-2113,-5,3.14159265,3.14159265
-2112,-5,3.14159265,3.14159265
-2111,-5,3.14159265,3.14159265
-2110,-5,3.14159265,3.14159265
-2109,-5,3.14159265,3.14159265
-2108,-5,3.14159265,3.14159265
-2107,-5,3.14159265,3.14159265
-2106,-5,3.14159265,3.14159265
-2105,-5,3.14159265,3.14159265
-2104,-5,3.14159265,3.14159265
-2103,-5,3.14159265,3.14159265
-2102,-5,3.14159265,3.14159265
-2101,-5,3.14159265,3.14159265
-2100,-5,3.14159265,3.14159265
-2099,-5,3.14159265,3.14159265
-2098,-5,3.14159265,3.14159265
-2097,-5,3.14159265,3.14159265
-2096,-5,3.14159265,3.14159265
-2095,-5,3.14159265,3.14159265
-2094,-5,3.14159265,3.14159265
-2093,-5,3.14159265,3.14159265
-2092,-5,3.14159265,3.14159265
-2091,-5,3.14159265,3.14159265
-2090,-5,3.14159265,3.14159265
-2089,-5,3.14159265,3.14159265
-2088,-5,3.14159265,3.14159265
-2087,-5,3.14159265,3.14159265
-2086,-5,3.14159265,3.14159265
-2085,-5,3.14159265,3.14159265
-2084,-5,3.14159265,3.14159265
-2083,-5,3.14159265,3.14159265
-2082,-5,3.14159265,3.14159265
-2081,-5,3.14159265,3.14159265
-2080,-5,3.14159265,3.14159265
-2079,-5,3.14159265,3.14159265
-2078,-5,3.14159265,3.14159265
-2077,-5,3.14159265,3.14159265
-2076,-5,3.14159265,3.14159265
-2075,-5,3.14159265,3.14159265
-2074,-5,3.14159265,3.14159265
-2073,-5,3.14159265,3.14159265
-2072,-5,3.14159265,3.14159265
-2071,-5,3.14159265,3.14159265
-2070,-5,3.14159265,3.14159265
-2069,-5,3.14159265,3.14159265
-2068,-5,3.14159265,3.14159265
-2067,-5,3.14159265,3.14159265
-2066,-5,3.14159265,3.14159265
-2065,-5,3.14159265,3.14159265
-2064,-5,3.14159265,3.14159265
-2063,-5,3.14159265,3.14159265
-2062,-5,3.14159265,3.14159265
-2061,-5,3.14159265,3.14159265
-2060,-5,3.14159265,3.14159265
-2059,-5,3.14159265,3.14159265
-2058,-5,3.14159265,3.14159265
-2057,-5,3.14159265,3.14159265
-2056,-5,3.14159265,3.14159265
-2055,-5,3.14159265,3.14159265
-2054,-5,3.14159265,3.14159265
-2053,-5,3.14159265,3.14159265
-2052,-5,3.14159265,3.14159265
-2051,-5,3.14159265,3.14159265
-2050,-5,3.14159265,3.14159265
-2049,-5,3.14159265,3.14159265
-2048,-5,3.14159265,3.14159265
-2047,-5,3.14159265,3.14159265
-2046,-5,3.14159265,3.14159265
-2045,-5,3.14159265,3.14159265
-2044,-5,3.14159265,3.14159265
-2043,-5,3.14159265,3.14159265
-2042,-5,3.14159265,3.14159265
-2041,-5,3.14159265,3.14159265
-2040,-5,3.14159265,3.14159265
-2039,-5,3.14159265,3.14159265
-2038,-5,3.14159265,3.14159265
-2037,-5,3.14159265,3.14159265
-2036,-5,3.14159265,3.14159265
-2035,-5,3.14159265,3.14159265
-2034,-5,3.14159265,3.14159265
-2033,-5,3.14159265,3.14159265
-2032,-5,3.14159265,3.14159265
-2031,-5,3.14159265,3.14159265
-2030,-5,3.14159265,3.14159265
-2029,-5,3.14159265,3.14159265
-2028,-5,3.14159265,3.14159265
-2027,-5,3.14159265,3.14159265
-2026,-5,3.14159265,3.14159265
-2025,-5,3.14159265,3.14159265
-2024,-5,3.14159265,3.14159265
-2023,-5,3.14159265,3.14159265
-2022,-5,3.14159265,3.14159265
-2021,-5,3.14159265,3.14159265
-2020,-5,3.14159265,3.14159265
-2019,-5,3.14159265,3.14159265
-2018,-5,3.14159265,3.14159265
-2017,-5,3.14159265,3.14159265
-2016,-5,3.14159265,3.14159265
-2015,-5,3.14159265,3.14159265
-2014,-5,3.14159265,3.14159265
-2013,-5,3.14159265,3.14159265
-2012,-5,3.14159265,3.14159265
-2011,-5,3.14159265,3.14159265
-2010,-5,3.14159265,3.14159265
-2009,-5,3.14159265,3.14159265
-2008,-5,3.14159265,3.14159265
-2007,-5,3.14159265,3.14159265
-2006,-5,3.14159265,3.14159265
-2005,-5,3.14159265,3.14159265
-2004,-5,3.14159265,3.14159265
-2003,-5,3.14159265,3.14159265
-2002,-5,3.14159265,3.14159265
-2001,-5,3.14159265,3.14159265
-2000,-5,3.14159265,3.14159265
-3120,5,0,0
-3119,5,0,0
-3118,5,0,0
-3117,5,0,0
-3116,5,0,0
-3115,5,0,0
-3114,5,0,0
-3113,5,0,0
-3112,5,0,0
-3111,5,0,0
-3110,5,0,0
-3109,5,0,0
-3108,5,0,0
-3107,5,0,0
-3106,5,0,0
-3105,5,0,0
-3104,5,0,0
-3103,5,0,0
-3102,5,0,0
-3101,5,0,0
-3100,5,0,0
-3099,5,0,0
-3098,5,0,0
-3097,5,0,0
-3096,5,0,0
-3095,5,0,0
-3094,5,0,0
-3093,5,0,0
-3092,5,0,0
-3091,5,0,0
-3090,5,0,0
-3089,5,0,0
-3088,5,0,0
-3087,5,0,0
-3086,5,0,0
-3085,5,0,0
-3084,5,0,0
-3083,5,0,0
-3082,5,0,0
-3081,5,0,0
-3080,5,0,0
-3079,5,0,0
-3078,5,0,0
-3077,5,0,0
-3076,5,0,0
-3075,5,0,0
-3074,5,0,0
-3073,5,0,0
-3072,5,0,0
-3071,5,0,0
-3070,5,0,0
-3069,5,0,0
-3068,5,0,0
-3067,5,0,0
-3066,5,0,0
-3065,5,0,0
-3064,5,0,0
-3063,5,0,0
-3062,5,0,0
-3061,5,0,0
-3060,5,0,0
-3059,5,0,0
-3058,5,0,0
-3057,5,0,0
-3056,5,0,0
-3055,5,0,0
-3054,5,0,0
-3053,5,0,0
-3052,5,0,0
-3051,5,0,0
-3050,5,0,0
-3049,5,0,0
-3048,5,0,0
-3047,5,0,0
-3046,5,0,0
-3045,5,0,0
-3044,5,0,0
-3043,5,0,0
-3042,5,0,0
-3041,5,0,0
-3040,5,0,0
-3039,5,0,0
-3038,5,0,0
-3037,5,0,0
-3036,5,0,0
-3035,5,0,0
-3034,5,0,0
-3033,5,0,0
-3032,5,0,0
-3031,5,0,0
-3030,5,0,0
-3029,5,0,0
-3028,5,0,0
-3027,5,0,0
-3026,5,0,0
-3025,5,0,0
-3024,5,0,0
-3023,5,0,0
-3022,5,0,0
-3021,5,0,0
-3020,5,0,0
-3019,5,0,0
-3018,5,0,0
-3017,5,0,0
-3016,5,0,0
-3015,5,0,0
-3014,5,0,0
-3013,5,0,0
-3012,5,0,0
-3011,5,0,0
-3010,5,0,0
-3009,5,0,0
-3008,5,0,0
-3007,5,0,0
-3006,5,0,0
-3005,5,0,0
-3004,5,0,0
-3003,5,0,0
-3002,5,0,0
-3001,5,0,0
-3000,5,0,0
