-100,-4.95,3.14159265,3.14159265
-1100,4.95,0,0
-100,-4.95,3.14159265,3.14159265
-1100,4.95,0,0
-100,-4.95,3.14159265,3.14159265
-1100,4.95,0,0
-100,-4.95,3.14159265,3.14159265
-1100,4.95,0,0
-100,-4.95,3.14159265,3.14159265
-1100,4.95,0,0
-100,-4.95,3.14159265,3.14159265
-1100,4.95,0,0
-100,-4.95,3.14159265,3.14159265
-1100,4.95,0,0
-100,-4.95,3.14159265,3.14159265
200,4.95,0,0
-1100,-4.95,3.14159265,3.14159265
-1100,4.95,0,0
-1100,-4.95,3.14159265,3.14159265
-1100,4.95,0,0
-1100,-4.95,3.14159265,3.14159265
-1100,4.95,0,0
-1100,-4.95,3.14159265,3.14159265
-1100,4.95,0,0
-1100,-4.95,3.14159265,3.14159265
-1100,4.95,0,0
-1100,-4.95,3.14159265,3.14159265
-1100,4.95,0,0
-1100,-4.95,3.14159265,3.14159265
-1100,4.95,0,0
-1100,-4.95,3.14159265,3.14159265
200,4.95,0,0
