-100,-4.8,180,180
-100,5.2,0,0
-100,-4.8,180,180
-100,5.2,0,0
-100,-4.8,180,180
-100,5.2,0,0
-100,-4.8,180,180
-100,5.2,0,0
-100,-4.8,180,180
-100,5.2,0,0
-100,-4.8,180,180
-100,5.2,0,0
-100,-4.8,180,180
-100,5.2,0,0
-100,-4.8,180,180
200,5.2,0,0
-1100,-4.8,180,180
-1100,5.2,0,0
-1100,-4.8,180,180
-1100,5.2,0,0
-1100,-4.8,180,180
-1100,5.2,0,0
-1100,-4.8,180,180
-1100,5.2,0,0
-1100,-4.8,180,180
-1100,5.2,0,0
-1100,-4.8,180,180
-1100,5.2,0,0
-1100,-4.8,180,180
-1100,5.2,0,0
-1100,-4.8,180,180
200,5.2,0,0
