-100,-5,3.14159265,3.14159265
-99,-5,3.14159265,3.14159265
-98,-5,3.14159265,3.14159265
-97,-5,3.14159265,3.14159265
-96,-5,3.14159265,3.14159265
-95,-5,3.14159265,3.14159265
-94,-5,3.14159265,3.14159265
-93,-5,3.14159265,3.14159265
-92,-5,3.14159265,3.14159265
-91,-5,3.14159265,3.14159265
-90,-5,3.14159265,3.14159265
-89,-5,3.14159265,3.14159265
-88,-5,3.14159265,3.14159265
-87,-5,3.14159265,3.14159265
-86,-5,3.14159265,3.14159265
-85,-5,3.14159265,3.14159265
-84,-5,3.14159265,3.14159265
-83,-5,3.14159265,3.14159265
-82,-5,3.14159265,3.14159265
-81,-5,3.14159265,3.14159265
-80,-5,3.14159265,3.14159265
-79,-5,3.14159265,3.14159265
-78,-5,3.14159265,3.14159265
-77,-5,3.14159265,3.14159265
-76,-5,3.14159265,3.14159265
-75,-5,3.14159265,3.14159265
-74,-5,3.14159265,3.14159265
-73,-5,3.14159265,3.14159265
-72,-5,3.14159265,3.14159265
-71,-5,3.14159265,3.14159265
-70,-5,3.14159265,3.14159265
-69,-5,3.14159265,3.14159265
-68,-5,3.14159265,3.14159265
-67,-5,3.14159265,3.14159265
-66,-5,3.14159265,3.14159265
-65,-5,3.14159265,3.14159265
-64,-5,3.14159265,3.14159265
-63,-5,3.14159265,3.14159265
-62,-5,3.14159265,3.14159265
-61,-5,3.14159265,3.14159265
-60,-5,3.14159265,3.14159265
-59,-5,3.14159265,3.14159265
-58,-5,3.14159265,3.14159265
-57,-5,3.14159265,3.14159265
-56,-5,3.14159265,3.14159265
-55,-5,3.14159265,3.14159265
-54,-5,3.14159265,3.14159265
-53,-5,3.14159265,3.14159265
-52,-5,3.14159265,3.14159265
-51,-5,3.14159265,3.14159265
-50,-5,3.14159265,3.14159265
-49,-5,3.14159265,3.14159265
-48,-5,3.14159265,3.14159265
-47,-5,3.14159265,3.14159265
-46,-5,3.14159265,3.14159265
-45,-5,3.14159265,3.14159265
-44,-5,3.14159265,3.14159265
-43,-5,3.14159265,3.14159265
-42,-5,3.14159265,3.14159265
-41,-5,3.14159265,3.14159265
-40,-5,3.14159265,3.14159265
-39,-5,3.14159265,3.14159265
-38,-5,3.14159265,3.14159265
-37,-5,3.14159265,3.14159265
-36,-5,3.14159265,3.14159265
-35,-5,3.14159265,3.14159265
-34,-5,3.14159265,3.14159265
-33,-5,3.14159265,3.14159265
-32,-5,3.14159265,3.14159265
-31,-5,3.14159265,3.14159265
-30,-5,3.14159265,3.14159265
-29,-5,3.14159265,3.14159265
-28,-5,3.14159265,3.14159265
-27,-5,3.14159265,3.14159265
-26,-5,3.14159265,3.14159265
-25,-5,3.14159265,3.14159265
-24,-5,3.14159265,3.14159265
-23,-5,3.14159265,3.14159265
-22,-5,3.14159265,3.14159265
-21,-5,3.14159265,3.14159265
-20,-5,3.14159265,3.14159265
-19,-5,3.14159265,3.14159265
-18,-5,3.14159265,3.14159265
-17,-5,3.14159265,3.14159265
-16,-5,3.14159265,3.14159265
-15,-5,3.14159265,3.14159265
-14,-5,3.14159265,3.14159265
-13,-5,3.14159265,3.14159265
-12,-5,3.14159265,3.14159265
-11,-5,3.14159265,3.14159265
-10,-5,3.14159265,3.14159265
-9,-5,3.14159265,3.14159265
-8,-5,3.14159265,3.14159265
-7,-5,3.14159265,3.14159265
-6,-5,3.14159265,3.14159265
-5,-5,3.14159265,3.14159265
-4,-5,3.14159265,3.14159265
-3,-5,3.14159265,3.14159265
-2,-5,3.14159265,3.14159265
-1,-5,3.14159265,3.14159265
0,-5,3.14159265,3.14159265
