-140,-5,3.14159265,3.14159265
-139,-5,3.14159265,3.14159265
-138,-5,3.14159265,3.14159265
-137,-5,3.14159265,3.14159265
-136,-5,3.14159265,3.14159265
-135,-5,3.14159265,3.14159265
-134,-5,3.14159265,3.14159265
-133,-5,3.14159265,3.14159265
-132,-5,3.14159265,3.14159265
-131,-5,3.14159265,3.14159265
-130,-5,3.14159265,3.14159265
-129,-5,3.14159265,3.14159265
-128,-5,3.14159265,3.14159265
-127,-5,3.14159265,3.14159265
-126,-5,3.14159265,3.14159265
-125,-5,3.14159265,3.14159265
-124,-5,3.14159265,3.14159265
-123,-5,3.14159265,3.14159265
-122,-5,3.14159265,3.14159265
-121,-5,3.14159265,3.14159265
-120,-5,3.14159265,3.14159265
-119,-5,3.14159265,3.14159265
-118,-5,3.14159265,3.14159265
-117,-5,3.14159265,3.14159265
-116,-5,3.14159265,3.14159265
-115,-5,3.14159265,3.14159265
-114,-5,3.14159265,3.14159265
-113,-5,3.14159265,3.14159265
-112,-5,3.14159265,3.14159265
-111,-5,3.14159265,3.14159265
-110,-5,3.14159265,3.14159265
-109,-5,3.14159265,3.14159265
-108,-5,3.14159265,3.14159265
-107,-5,3.14159265,3.14159265
-106,-5,3.14159265,3.14159265
-105,-5,3.14159265,3.14159265
-104,-5,3.14159265,3.14159265
-103,-5,3.14159265,3.14159265
-102,-5,3.14159265,3.14159265
-101,-5,3.14159265,3.14159265
-100,-5,3.14159265,3.14159265
-99,-5,3.14159265,3.14159265
-98,-5,3.14159265,3.14159265
-97,-5,3.14159265,3.14159265
-96,-5,3.14159265,3.14159265
-95,-5,3.14159265,3.14159265
-94,-5,3.14159265,3.14159265
-93,-5,3.14159265,3.14159265
-92,-5,3.14159265,3.14159265
-91,-5,3.14159265,3.14159265
-90,-5,3.14159265,3.14159265
-89,-5,3.14159265,3.14159265
-88,-5,3.14159265,3.14159265
-87,-5,3.14159265,3.14159265
-86,-5,3.14159265,3.14159265
-85,-5,3.14159265,3.14159265
-84,-5,3.14159265,3.14159265
-83,-5,3.14159265,3.14159265
-82,-5,3.14159265,3.14159265
-81,-5,3.14159265,3.14159265
-80,-5,3.14159265,3.14159265
-79,-5,3.14159265,3.14159265
-78,-5,3.14159265,3.14159265
-77,-5,3.14159265,3.14159265
-76,-5,3.14159265,3.14159265
-75,-5,3.14159265,3.14159265
-74,-5,3.14159265,3.14159265
-73,-5,3.14159265,3.14159265
-72,-5,3.14159265,3.14159265
-71,-5,3.14159265,3.14159265
-70,-5,3.14159265,3.14159265
-69,-5,3.14159265,3.14159265
-68,-5,3.14159265,3.14159265
-67,-5,3.14159265,3.14159265
-66,-5,3.14159265,3.14159265
-65,-5,3.14159265,3.14159265
-64,-5,3.14159265,3.14159265
-63,-5,3.14159265,3.14159265
-62,-5,3.14159265,3.14159265
-61,-5,3.14159265,3.14159265
-60,-5,3.14159265,3.14159265
-59,-5,3.14159265,3.14159265
-58,-5,3.14159265,3.14159265
-57,-5,3.14159265,3.14159265
-56,-5,3.14159265,3.14159265
-55,-5,3.14159265,3.14159265
-54,-5,3.14159265,3.14159265
-53,-5,3.14159265,3.14159265
-52,-5,3.14159265,3.14159265
-51,-5,3.14159265,3.14159265
-50,-5,3.14159265,3.14159265
-49,-5,3.14159265,3.14159265
-48,-5,3.14159265,3.14159265
-47,-5,3.14159265,3.14159265
-46,-5,3.14159265,3.14159265
-45,-5,3.14159265,3.14159265
-44,-5,3.14159265,3.14159265
-43,-5,3.14159265,3.14159265
-42,-5,3.14159265,3.14159265
-41,-5,3.14159265,3.14159265
-40,-5,3.14159265,3.14159265
-39,-5,3.14159265,3.14159265
-38,-5,3.14159265,3.14159265
-37,-5,3.14159265,3.14159265
-36,-5,3.14159265,3.14159265
-35,-5,3.14159265,3.14159265
-34,-5,3.14159265,3.14159265
-33,-5,3.14159265,3.14159265
-32,-5,3.14159265,3.14159265
-31,-5,3.14159265,3.14159265
-30,-5,3.14159265,3.14159265
-29,-5,3.14159265,3.14159265
-28,-5,3.14159265,3.14159265
-27,-5,3.14159265,3.14159265
-26,-5,3.14159265,3.14159265
-25,-5,3.14159265,3.14159265
-24,-5,3.14159265,3.14159265
-23,-5,3.14159265,3.14159265
-22,-5,3.14159265,3.14159265
-21,-5,3.14159265,3.14159265
-20,-5,3.14159265,3.14159265
-19,-5,3.14159265,3.14159265
-18,-5,3.14159265,3.14159265
-17,-5,3.14159265,3.14159265
-16,-5,3.14159265,3.14159265
-15,-5,3.14159265,3.14159265
-14,-5,3.14159265,3.14159265
-13,-5,3.14159265,3.14159265
-12,-5,3.14159265,3.14159265
-11,-5,3.14159265,3.14159265
-10,-5,3.14159265,3.14159265
-9,-5,3.14159265,3.14159265
-8,-5,3.14159265,3.14159265
-7,-5,3.14159265,3.14159265
-6,-5,3.14159265,3.14159265
-5,-5,3.14159265,3.14159265
-4,-5,3.14159265,3.14159265
-3,-5,3.14159265,3.14159265
-2,-5,3.14159265,3.14159265
-1,-5,3.14159265,3.14159265
0,-5,3.14159265,3.14159265
-1140,5,0,0
-1139,5,0,0
-1138,5,0,0
-1137,5,0,0
-1136,5,0,0
-1135,5,0,0
-1134,5,0,0
-1133,5,0,0
-1132,5,0,0
-1131,5,0,0
-1130,5,0,0
-1129,5,0,0
-1128,5,0,0
-1127,5,0,0
-1126,5,0,0
-1125,5,0,0
-1124,5,0,0
-1123,5,0,0
-1122,5,0,0
-1121,5,0,0
-1120,5,0,0
-1119,5,0,0
-1118,5,0,0
-1117,5,0,0
-1116,5,0,0
-1115,5,0,0
-1114,5,0,0
-1113,5,0,0
-1112,5,0,0
-1111,5,0,0
-1110,5,0,0
-1109,5,0,0
-1108,5,0,0
-1107,5,0,0
-1106,5,0,0
-1105,5,0,0
-1104,5,0,0
-1103,5,0,0
-1102,5,0,0
-1101,5,0,0
-1100,5,0,0
-1099,5,0,0
-1098,5,0,0
-1097,5,0,0
-1096,5,0,0
-1095,5,0,0
-1094,5,0,0
-1093,5,0,0
-1092,5,0,0
-1091,5,0,0
-1090,5,0,0
-1089,5,0,0
-1088,5,0,0
-1087,5,0,0
-1086,5,0,0
-1085,5,0,0
-1084,5,0,0
-1083,5,0,0
-1082,5,0,0
-1081,5,0,0
-1080,5,0,0
-1079,5,0,0
-1078,5,0,0
-1077,5,0,0
-1076,5,0,0
-1075,5,0,0
-1074,5,0,0
-1073,5,0,0
-1072,5,0,0
-1071,5,0,0
-1070,5,0,0
-1069,5,0,0
-1068,5,0,0
-1067,5,0,0
-1066,5,0,0
-1065,5,0,0
-1064,5,0,0
-1063,5,0,0
-1062,5,0,0
-1061,5,0,0
-1060,5,0,0
-1059,5,0,0
-1058,5,0,0
-1057,5,0,0
-1056,5,0,0
-1055,5,0,0
-1054,5,0,0
-1053,5,0,0
-1052,5,0,0
-1051,5,0,0
-1050,5,0,0
-1049,5,0,0
-1048,5,0,0
-1047,5,0,0
-1046,5,0,0
-1045,5,0,0
-1044,5,0,0
-1043,5,0,0
-1042,5,0,0
-1041,5,0,0
-1040,5,0,0
-1039,5,0,0
-1038,5,0,0
-1037,5,0,0
-1036,5,0,0
-1035,5,0,0
-1034,5,0,0
-1033,5,0,0
-1032,5,0,0
-1031,5,0,0
-1030,5,0,0
-1029,5,0,0
-1028,5,0,0
-1027,5,0,0
-1026,5,0,0
-1025,5,0,0
-1024,5,0,0
-1023,5,0,0
-1022,5,0,0
-1021,5,0,0
-1020,5,0,0
-1019,5,0,0
-1018,5,0,0
-1017,5,0,0
-1016,5,0,0
-1015,5,0,0
-1014,5,0,0
-1013,5,0,0
-1012,5,0,0
-1011,5,0,0
-1010,5,0,0
-1009,5,0,0
-1008,5,0,0
-1007,5,0,0
-1006,5,0,0
-1005,5,0,0
-1004,5,0,0
-1003,5,0,0
-1002,5,0,0
-1001,5,0,0
-1000,5,0,0
-2140,10,0,0
-2139,10,0,0
-2138,10,0,0
-2137,10,0,0
-2136,10,0,0
-2135,10,0,0
-2134,10,0,0
-2133,10,0,0
-2132,10,0,0
-2131,10,0,0
-2130,10,0,0
-2129,10,0,0
-2128,10,0,0
-2127,10,0,0
-2126,10,0,0
-2125,10,0,0
-2124,10,0,0
-2123,10,0,0
-2122,10,0,0
-2121,10,0,0
-2120,10,0,0
-2119,10,0,0
-2118,10,0,0
-2117,10,0,0
-2116,10,0,0
-2115,10,0,0
-2114,10,0,0
-2113,10,0,0
-2112,10,0,0
-2111,10,0,0
-2110,10,0,0
-2109,10,0,0
-2108,10,0,0
-2107,10,0,0
-2106,10,0,0
-2105,10,0,0
-2104,10,0,0
-2103,10,0,0
-2102,10,0,0
-2101,10,0,0
-2100,10,0,0
-2099,10,0,0
-2098,10,0,0
-2097,10,0,0
-2096,10,0,0
-2095,10,0,0
-2094,10,0,0
-2093,10,0,0
-2092,10,0,0
-2091,10,0,0
-2090,10,0,0
-2089,10,0,0
-2088,10,0,0
-2087,10,0,0
-2086,10,0,0
-2085,10,0,0
-2084,10,0,0
-2083,10,0,0
-2082,10,0,0
-2081,10,0,0
-2080,10,0,0
-2079,10,0,0
-2078,10,0,0
-2077,10,0,0
-2076,10,0,0
-2075,10,0,0
-2074,10,0,0
-2073,10,0,0
-2072,10,0,0
-2071,10,0,0
-2070,10,0,0
-2069,10,0,0
-2068,10,0,0
-2067,10,0,0
-2066,10,0,0
-2065,10,0,0
-2064,10,0,0
-2063,10,0,0
-2062,10,0,0
-2061,10,0,0
-2060,10,0,0
-2059,10,0,0
-2058,10,0,0
-2057,10,0,0
-2056,10,0,0
-2055,10,0,0
-2054,10,0,0
-2053,10,0,0
-2052,10,0,0
-2051,10,0,0
-2050,10,0,0
-2049,10,0,0
-2048,10,0,0
-2047,10,0,0
-2046,10,0,0
-2045,10,0,0
-2044,10,0,0
-2043,10,0,0
-2042,10,0,0
-2041,10,0,0
-2040,10,0,0
-2039,10,0,0
-2038,10,0,0
-2037,10,0,0
-2036,10,0,0
-2035,10,0,0
-2034,10,0,0
-2033,10,0,0
-2032,10,0,0
-2031,10,0,0
-2030,10,0,0
-2029,10,0,0
-2028,10,0,0
-2027,10,0,0
-2026,10,0,0
-2025,10,0,0
-2024,10,0,0
-2023,10,0,0
-2022,10,0,0
-2021,10,0,0
-2020,10,0,0
-2019,10,0,0
-2018,10,0,0
-2017,10,0,0
-2016,10,0,0
-2015,10,0,0
-2014,10,0,0
-2013,10,0,0
-2012,10,0,0
-2011,10,0,0
-2010,10,0,0
-2009,10,0,0
-2008,10,0,0
-2007,10,0,0
-2006,10,0,0
-2005,10,0,0
-2004,10,0,0
-2003,10,0,0
-2002,10,0,0
-2001,10,0,0
-2000,10,0,0
-3140,10,0,0
