age (weeks)   weight (g) 
2.00000 	 1.04494 
2.13774 	 2.54700 
2.27548 	 3.89938 
2.41322 	 5.12488 
2.55096 	 6.24176 
2.68871 	 7.26485 
2.82645 	 8.20631 
2.96419 	 9.07623 
3.10193 	 9.88305 
3.23967 	 10.63388 
3.37741 	 11.33480 
3.51515 	 11.99098 
3.65289 	 12.60689 
3.79063 	 13.18640 
3.92837 	 13.73290 
4.06612 	 14.24935 
4.20386 	 14.73834 
4.34160 	 15.20217 
4.47934 	 15.64290 
4.61708 	 16.06234 
4.75482 	 16.46212 
4.89256 	 16.84369 
5.03030 	 17.20838 
5.16804 	 17.55736 
5.30579 	 17.89172 
5.44353 	 18.21242 
5.58127 	 18.52036 
5.71901 	 18.81634 
5.85675 	 19.10110 
5.99449 	 19.37533 
6.13223 	 19.63964 
6.26997 	 19.89460 
6.40771 	 20.14075 
6.54545 	 20.37857 
6.68320 	 20.60852 
6.82094 	 20.83100 
6.95868 	 21.04641 
7.09642 	 21.25511 
7.23416 	 21.45743 
7.37190 	 21.65368 
7.50964 	 21.84417 
7.64738 	 22.02915 
7.78512 	 22.20889 
7.92287 	 22.38362 
8.06061 	 22.55357 
8.19835 	 22.71895 
8.33609 	 22.87995 
8.47383 	 23.03677 
8.61157 	 23.18958 
8.74931 	 23.33854 
8.88705 	 23.48380 
9.02479 	 23.62553 
9.16253 	 23.76385 
9.30028 	 23.89889 
9.43802 	 24.03079 
9.57576 	 24.15966 
9.71350 	 24.28562 
9.85124 	 24.40876 
9.98898 	 24.52920 
10.12672 	 24.64702 
10.26446 	 24.76232 
10.40220 	 24.87519 
10.53994 	 24.98571 
10.67769 	 25.09395 
10.81543 	 25.20000 
10.95317 	 25.30392 
11.09091 	 25.40579 
11.22865 	 25.50567 
11.36639 	 25.60363 
11.50413 	 25.69972 
11.64187 	 25.79400 
11.77961 	 25.88652 
11.91736 	 25.97734 
12.05510 	 26.06652 
12.19284 	 26.15409 
12.33058 	 26.24011 
12.46832 	 26.32462 
12.60606 	 26.40766 
12.74380 	 26.48928 
12.88154 	 26.56950 
13.01928 	 26.64839 
13.15702 	 26.72596 
13.29477 	 26.80225 
13.43251 	 26.87730 
13.57025 	 26.95115 
13.70799 	 27.02382 
13.84573 	 27.09534 
13.98347 	 27.16574 
14.12121 	 27.23505 
14.25895 	 27.30331 
14.39669 	 27.37052 
14.53444 	 27.43673 
14.67218 	 27.50196 
14.80992 	 27.56622 
14.94766 	 27.62954 
15.08540 	 27.69195 
15.22314 	 27.75346 
15.36088 	 27.81410 
15.49862 	 27.87389 
15.63636 	 27.93284 
15.77410 	 27.99098 
15.91185 	 28.04832 
16.04959 	 28.10489 
16.18733 	 28.16069 
16.32507 	 28.21575 
16.46281 	 28.27008 
16.60055 	 28.32369 
16.73829 	 28.37661 
16.87603 	 28.42885 
17.01377 	 28.48041 
17.15152 	 28.53133 
17.28926 	 28.58160 
17.42700 	 28.63124 
17.56474 	 28.68027 
17.70248 	 28.72869 
17.84022 	 28.77653 
17.97796 	 28.82379 
18.11570 	 28.87048 
18.25344 	 28.91661 
18.39118 	 28.96220 
18.52893 	 29.00725 
18.66667 	 29.05178 
18.80441 	 29.09579 
18.94215 	 29.13930 
19.07989 	 29.18231 
19.21763 	 29.22484 
19.35537 	 29.26689 
19.49311 	 29.30847 
19.63085 	 29.34959 
19.76860 	 29.39025 
19.90634 	 29.43048 
20.04408 	 29.47027 
20.18182 	 29.50963 
20.31956 	 29.54857 
20.45730 	 29.58710 
20.59504 	 29.62522 
20.73278 	 29.66294 
20.87052 	 29.70027 
21.00826 	 29.73721 
21.14601 	 29.77378 
21.28375 	 29.80997 
21.42149 	 29.84580 
21.55923 	 29.88126 
21.69697 	 29.91637 
21.83471 	 29.95113 
21.97245 	 29.98555 
22.11019 	 30.01964 
22.24793 	 30.05339 
22.38567 	 30.08681 
22.52342 	 30.11991 
22.66116 	 30.15269 
22.79890 	 30.18517 
22.93664 	 30.21733 
23.07438 	 30.24920 
23.21212 	 30.28077 
23.34986 	 30.31204 
23.48760 	 30.34303 
23.62534 	 30.37373 
23.76309 	 30.40415 
23.90083 	 30.43430 
24.03857 	 30.46417 
24.17631 	 30.49378 
24.31405 	 30.52312 
24.45179 	 30.55221 
24.58953 	 30.58103 
24.72727 	 30.60961 
24.86501 	 30.63794 
25.00275 	 30.66602 
25.14050 	 30.69386 
25.27824 	 30.72146 
25.41598 	 30.74883 
25.55372 	 30.77596 
25.69146 	 30.80287 
25.82920 	 30.82955 
25.96694 	 30.85601 
26.10468 	 30.88225 
26.24242 	 30.90827 
26.38017 	 30.93408 
26.51791 	 30.95968 
26.65565 	 30.98508 
26.79339 	 31.01027 
26.93113 	 31.03525 
27.06887 	 31.06004 
27.20661 	 31.08463 
27.34435 	 31.10902 
27.48209 	 31.13323 
27.61983 	 31.15724 
27.75758 	 31.18107 
27.89532 	 31.20471 
28.03306 	 31.22817 
28.17080 	 31.25145 
28.30854 	 31.27455 
28.44628 	 31.29748 
28.58402 	 31.32023 
28.72176 	 31.34282 
28.85950 	 31.36523 
28.99725 	 31.38748 
29.13499 	 31.40956 
29.27273 	 31.43148 
29.41047 	 31.45324 
29.54821 	 31.47484 
29.68595 	 31.49629 
29.82369 	 31.51757 
29.96143 	 31.53871 
30.09917 	 31.55969 
30.23691 	 31.58052 
30.37466 	 31.60121 
30.51240 	 31.62175 
30.65014 	 31.64214 
30.78788 	 31.66240 
30.92562 	 31.68251 
31.06336 	 31.70248 
31.20110 	 31.72231 
31.33884 	 31.74201 
31.47658 	 31.76157 
31.61433 	 31.78100 
31.75207 	 31.80029 
31.88981 	 31.81946 
32.02755 	 31.83850 
32.16529 	 31.85740 
32.30303 	 31.87619 
32.44077 	 31.89485 
32.57851 	 31.91338 
32.71625 	 31.93179 
32.85399 	 31.95009 
32.99174 	 31.96826 
33.12948 	 31.98631 
33.26722 	 32.00425 
33.40496 	 32.02207 
33.54270 	 32.03978 
33.68044 	 32.05738 
33.81818 	 32.07486 
33.95592 	 32.09223 
34.09366 	 32.10949 
34.23140 	 32.12664 
34.36915 	 32.14369 
34.50689 	 32.16063 
34.64463 	 32.17746 
34.78237 	 32.19419 
34.92011 	 32.21082 
35.05785 	 32.22734 
35.19559 	 32.24377 
35.33333 	 32.26009 
35.47107 	 32.27632 
35.60882 	 32.29244 
35.74656 	 32.30847 
35.88430 	 32.32440 
36.02204 	 32.34024 
36.15978 	 32.35599 
36.29752 	 32.37164 
36.43526 	 32.38719 
36.57300 	 32.40266 
36.71074 	 32.41804 
36.84848 	 32.43332 
36.98623 	 32.44852 
37.12397 	 32.46363 
37.26171 	 32.47865 
37.39945 	 32.49359 
37.53719 	 32.50844 
37.67493 	 32.52320 
37.81267 	 32.53789 
37.95041 	 32.55248 
38.08815 	 32.56700 
38.22590 	 32.58143 
38.36364 	 32.59579 
38.50138 	 32.61006 
38.63912 	 32.62425 
38.77686 	 32.63837 
38.91460 	 32.65241 
39.05234 	 32.66637 
39.19008 	 32.68025 
39.32782 	 32.69406 
39.46556 	 32.70779 
39.60331 	 32.72145 
39.74105 	 32.73503 
39.87879 	 32.74854 
40.01653 	 32.76198 
40.15427 	 32.77535 
40.29201 	 32.78864 
40.42975 	 32.80187 
40.56749 	 32.81502 
40.70523 	 32.82811 
40.84298 	 32.84112 
40.98072 	 32.85407 
41.11846 	 32.86695 
41.25620 	 32.87977 
41.39394 	 32.89251 
41.53168 	 32.90519 
41.66942 	 32.91781 
41.80716 	 32.93036 
41.94490 	 32.94285 
42.08264 	 32.95527 
42.22039 	 32.96763 
42.35813 	 32.97993 
42.49587 	 32.99216 
42.63361 	 33.00434 
42.77135 	 33.01645 
42.90909 	 33.02850 
43.04683 	 33.04049 
43.18457 	 33.05243 
43.32231 	 33.06430 
43.46006 	 33.07611 
43.59780 	 33.08787 
43.73554 	 33.09957 
43.87328 	 33.11121 
44.01102 	 33.12280 
44.14876 	 33.13433 
44.28650 	 33.14580 
44.42424 	 33.15722 
44.56198 	 33.16858 
44.69972 	 33.17989 
44.83747 	 33.19114 
44.97521 	 33.20234 
45.11295 	 33.21349 
45.25069 	 33.22458 
45.38843 	 33.23562 
45.52617 	 33.24661 
45.66391 	 33.25755 
45.80165 	 33.26844 
45.93939 	 33.27927 
46.07713 	 33.29006 
46.21488 	 33.30079 
46.35262 	 33.31148 
46.49036 	 33.32212 
46.62810 	 33.33270 
46.76584 	 33.34324 
46.90358 	 33.35374 
47.04132 	 33.36418 
47.17906 	 33.37457 
47.31680 	 33.38492 
47.45455 	 33.39523 
47.59229 	 33.40548 
47.73003 	 33.41569 
47.86777 	 33.42586 
48.00551 	 33.43597 
48.14325 	 33.44605 
48.28099 	 33.45608 
48.41873 	 33.46606 
48.55647 	 33.47600 
48.69421 	 33.48590 
48.83196 	 33.49575 
48.96970 	 33.50556 
49.10744 	 33.51533 
49.24518 	 33.52505 
49.38292 	 33.53474 
49.52066 	 33.54438 
49.65840 	 33.55398 
49.79614 	 33.56354 
49.93388 	 33.57305 
50.07163 	 33.58253 
50.20937 	 33.59197 
50.34711 	 33.60136 
50.48485 	 33.61072 
50.62259 	 33.62003 
50.76033 	 33.62931 
50.89807 	 33.63855 
51.03581 	 33.64775 
51.17355 	 33.65691 
51.31129 	 33.66603 
51.44904 	 33.67512 
51.58678 	 33.68416 
51.72452 	 33.69317 
51.86226 	 33.70215 
52.00000 	 33.71108 
