age (weeks)   weight (g) 
2.00000 	 4.22074 
2.13774 	 5.33148 
2.27548 	 6.31505 
2.41322 	 7.19281 
2.55096 	 7.98158 
2.68871 	 8.69472 
2.82645 	 9.34302 
2.96419 	 9.93528 
3.10193 	 10.47878 
3.23967 	 10.97953 
3.37741 	 11.44262 
3.51515 	 11.87233 
3.65289 	 12.27230 
3.79063 	 12.64565 
3.92837 	 12.99510 
4.06612 	 13.32296 
4.20386 	 13.63129 
4.34160 	 13.92186 
4.47934 	 14.19624 
4.61708 	 14.45582 
4.75482 	 14.70183 
4.89256 	 14.93536 
5.03030 	 15.15739 
5.16804 	 15.36880 
5.30579 	 15.57036 
5.44353 	 15.76280 
5.58127 	 15.94675 
5.71901 	 16.12280 
5.85675 	 16.29147 
5.99449 	 16.45325 
6.13223 	 16.60856 
6.26997 	 16.75783 
6.40771 	 16.90140 
6.54545 	 17.03963 
6.68320 	 17.17283 
6.82094 	 17.30127 
6.95868 	 17.42524 
7.09642 	 17.54496 
7.23416 	 17.66068 
7.37190 	 17.77259 
7.50964 	 17.88090 
7.64738 	 17.98579 
7.78512 	 18.08743 
7.92287 	 18.18597 
8.06061 	 18.28157 
8.19835 	 18.37437 
8.33609 	 18.46449 
8.47383 	 18.55206 
8.61157 	 18.63718 
8.74931 	 18.71998 
8.88705 	 18.80054 
9.02479 	 18.87897 
9.16253 	 18.95535 
9.30028 	 19.02977 
9.43802 	 19.10230 
9.57576 	 19.17303 
9.71350 	 19.24202 
9.85124 	 19.30935 
9.98898 	 19.37507 
10.12672 	 19.43925 
10.26446 	 19.50194 
10.40220 	 19.56321 
10.53994 	 19.62309 
10.67769 	 19.68164 
10.81543 	 19.73891 
10.95317 	 19.79494 
11.09091 	 19.84978 
11.22865 	 19.90346 
11.36639 	 19.95602 
11.50413 	 20.00751 
11.64187 	 20.05795 
11.77961 	 20.10738 
11.91736 	 20.15584 
12.05510 	 20.20334 
12.19284 	 20.24993 
12.33058 	 20.29563 
12.46832 	 20.34047 
12.60606 	 20.38447 
12.74380 	 20.42766 
12.88154 	 20.47006 
13.01928 	 20.51170 
13.15702 	 20.55260 
13.29477 	 20.59277 
13.43251 	 20.63224 
13.57025 	 20.67103 
13.70799 	 20.70916 
13.84573 	 20.74665 
13.98347 	 20.78351 
14.12121 	 20.81975 
14.25895 	 20.85541 
14.39669 	 20.89048 
14.53444 	 20.92499 
14.67218 	 20.95896 
14.80992 	 20.99238 
14.94766 	 21.02529 
15.08540 	 21.05769 
15.22314 	 21.08959 
15.36088 	 21.12101 
15.49862 	 21.15195 
15.63636 	 21.18244 
15.77410 	 21.21248 
15.91185 	 21.24207 
16.04959 	 21.27124 
16.18733 	 21.29999 
16.32507 	 21.32833 
16.46281 	 21.35627 
16.60055 	 21.38383 
16.73829 	 21.41100 
16.87603 	 21.43779 
17.01377 	 21.46422 
17.15152 	 21.49030 
17.28926 	 21.51602 
17.42700 	 21.54140 
17.56474 	 21.56645 
17.70248 	 21.59117 
17.84022 	 21.61557 
17.97796 	 21.63966 
18.11570 	 21.66344 
18.25344 	 21.68692 
18.39118 	 21.71010 
18.52893 	 21.73299 
18.66667 	 21.75560 
18.80441 	 21.77794 
18.94215 	 21.80000 
19.07989 	 21.82179 
19.21763 	 21.84333 
19.35537 	 21.86461 
19.49311 	 21.88563 
19.63085 	 21.90641 
19.76860 	 21.92695 
19.90634 	 21.94725 
20.04408 	 21.96731 
20.18182 	 21.98715 
20.31956 	 22.00676 
20.45730 	 22.02615 
20.59504 	 22.04533 
20.73278 	 22.06429 
20.87052 	 22.08305 
21.00826 	 22.10160 
21.14601 	 22.11994 
21.28375 	 22.13809 
21.42149 	 22.15605 
21.55923 	 22.17381 
21.69697 	 22.19139 
21.83471 	 22.20878 
21.97245 	 22.22599 
22.11019 	 22.24302 
22.24793 	 22.25988 
22.38567 	 22.27656 
22.52342 	 22.29308 
22.66116 	 22.30943 
22.79890 	 22.32561 
22.93664 	 22.34163 
23.07438 	 22.35749 
23.21212 	 22.37320 
23.34986 	 22.38875 
23.48760 	 22.40415 
23.62534 	 22.41941 
23.76309 	 22.43451 
23.90083 	 22.44947 
24.03857 	 22.46429 
24.17631 	 22.47897 
24.31405 	 22.49351 
24.45179 	 22.50791 
24.58953 	 22.52219 
24.72727 	 22.53632 
24.86501 	 22.55033 
25.00275 	 22.56422 
25.14050 	 22.57797 
25.27824 	 22.59160 
25.41598 	 22.60511 
25.55372 	 22.61850 
25.69146 	 22.63177 
25.82920 	 22.64492 
25.96694 	 22.65796 
26.10468 	 22.67089 
26.24242 	 22.68370 
26.38017 	 22.69640 
26.51791 	 22.70899 
26.65565 	 22.72147 
26.79339 	 22.73385 
26.93113 	 22.74613 
27.06887 	 22.75830 
27.20661 	 22.77037 
27.34435 	 22.78233 
27.48209 	 22.79420 
27.61983 	 22.80598 
27.75758 	 22.81765 
27.89532 	 22.82923 
28.03306 	 22.84072 
28.17080 	 22.85211 
28.30854 	 22.86341 
28.44628 	 22.87463 
28.58402 	 22.88575 
28.72176 	 22.89678 
28.85950 	 22.90773 
28.99725 	 22.91859 
29.13499 	 22.92937 
29.27273 	 22.94007 
29.41047 	 22.95068 
29.54821 	 22.96121 
29.68595 	 22.97166 
29.82369 	 22.98203 
29.96143 	 22.99232 
30.09917 	 23.00254 
30.23691 	 23.01268 
30.37466 	 23.02274 
30.51240 	 23.03273 
30.65014 	 23.04264 
30.78788 	 23.05248 
30.92562 	 23.06225 
31.06336 	 23.07195 
31.20110 	 23.08157 
31.33884 	 23.09113 
31.47658 	 23.10062 
31.61433 	 23.11004 
31.75207 	 23.11940 
31.88981 	 23.12868 
32.02755 	 23.13791 
32.16529 	 23.14706 
32.30303 	 23.15616 
32.44077 	 23.16519 
32.57851 	 23.17415 
32.71625 	 23.18306 
32.85399 	 23.19190 
32.99174 	 23.20068 
33.12948 	 23.20941 
33.26722 	 23.21807 
33.40496 	 23.22668 
33.54270 	 23.23522 
33.68044 	 23.24371 
33.81818 	 23.25215 
33.95592 	 23.26053 
34.09366 	 23.26885 
34.23140 	 23.27711 
34.36915 	 23.28533 
34.50689 	 23.29349 
34.64463 	 23.30159 
34.78237 	 23.30965 
34.92011 	 23.31765 
35.05785 	 23.32560 
35.19559 	 23.33350 
35.33333 	 23.34134 
35.47107 	 23.34914 
35.60882 	 23.35689 
35.74656 	 23.36459 
35.88430 	 23.37224 
36.02204 	 23.37985 
36.15978 	 23.38740 
36.29752 	 23.39491 
36.43526 	 23.40238 
36.57300 	 23.40980 
36.71074 	 23.41717 
36.84848 	 23.42449 
36.98623 	 23.43178 
37.12397 	 23.43901 
37.26171 	 23.44621 
37.39945 	 23.45336 
37.53719 	 23.46047 
37.67493 	 23.46753 
37.81267 	 23.47456 
37.95041 	 23.48154 
38.08815 	 23.48848 
38.22590 	 23.49538 
38.36364 	 23.50224 
38.50138 	 23.50906 
38.63912 	 23.51584 
38.77686 	 23.52258 
38.91460 	 23.52928 
39.05234 	 23.53594 
39.19008 	 23.54257 
39.32782 	 23.54915 
39.46556 	 23.55570 
39.60331 	 23.56221 
39.74105 	 23.56869 
39.87879 	 23.57513 
40.01653 	 23.58153 
40.15427 	 23.58790 
40.29201 	 23.59423 
40.42975 	 23.60052 
40.56749 	 23.60679 
40.70523 	 23.61301 
40.84298 	 23.61920 
40.98072 	 23.62536 
41.11846 	 23.63149 
41.25620 	 23.63758 
41.39394 	 23.64364 
41.53168 	 23.64966 
41.66942 	 23.65566 
41.80716 	 23.66162 
41.94490 	 23.66755 
42.08264 	 23.67345 
42.22039 	 23.67931 
42.35813 	 23.68515 
42.49587 	 23.69095 
42.63361 	 23.69672 
42.77135 	 23.70247 
42.90909 	 23.70818 
43.04683 	 23.71387 
43.18457 	 23.71952 
43.32231 	 23.72515 
43.46006 	 23.73074 
43.59780 	 23.73631 
43.73554 	 23.74185 
43.87328 	 23.74736 
44.01102 	 23.75284 
44.14876 	 23.75829 
44.28650 	 23.76372 
44.42424 	 23.76912 
44.56198 	 23.77449 
44.69972 	 23.77984 
44.83747 	 23.78516 
44.97521 	 23.79045 
45.11295 	 23.79572 
45.25069 	 23.80096 
45.38843 	 23.80617 
45.52617 	 23.81136 
45.66391 	 23.81652 
45.80165 	 23.82166 
45.93939 	 23.82677 
46.07713 	 23.83186 
46.21488 	 23.83692 
46.35262 	 23.84196 
46.49036 	 23.84698 
46.62810 	 23.85197 
46.76584 	 23.85693 
46.90358 	 23.86188 
47.04132 	 23.86680 
47.17906 	 23.87169 
47.31680 	 23.87657 
47.45455 	 23.88142 
47.59229 	 23.88624 
47.73003 	 23.89105 
47.86777 	 23.89583 
48.00551 	 23.90059 
48.14325 	 23.90533 
48.28099 	 23.91004 
48.41873 	 23.91474 
48.55647 	 23.91941 
48.69421 	 23.92406 
48.83196 	 23.92869 
48.96970 	 23.93330 
49.10744 	 23.93789 
49.24518 	 23.94245 
49.38292 	 23.94700 
49.52066 	 23.95153 
49.65840 	 23.95603 
49.79614 	 23.96052 
49.93388 	 23.96498 
50.07163 	 23.96943 
50.20937 	 23.97385 
50.34711 	 23.97826 
50.48485 	 23.98264 
50.62259 	 23.98701 
50.76033 	 23.99136 
50.89807 	 23.99569 
51.03581 	 24.00000 
51.17355 	 24.00429 
51.31129 	 24.00856 
51.44904 	 24.01281 
51.58678 	 24.01705 
51.72452 	 24.02126 
51.86226 	 24.02546 
52.00000 	 24.02964 
