age (weeks)   weight (g) 
2.00000 	 6.51390 
2.13774 	 7.35725 
2.27548 	 8.11755 
2.41322 	 8.80751 
2.55096 	 9.43727 
2.68871 	 10.01508 
2.82645 	 10.54766 
2.96419 	 11.04060 
3.10193 	 11.49856 
3.23967 	 11.92549 
3.37741 	 12.32471 
3.51515 	 12.69909 
3.65289 	 13.05111 
3.79063 	 13.38288 
3.92837 	 13.69629 
4.06612 	 13.99296 
4.20386 	 14.27432 
4.34160 	 14.54165 
4.47934 	 14.79607 
4.61708 	 15.03860 
4.75482 	 15.27012 
4.89256 	 15.49144 
5.03030 	 15.70329 
5.16804 	 15.90634 
5.30579 	 16.10116 
5.44353 	 16.28830 
5.58127 	 16.46826 
5.71901 	 16.64148 
5.85675 	 16.80837 
5.99449 	 16.96930 
6.13223 	 17.12464 
6.26997 	 17.27468 
6.40771 	 17.41973 
6.54545 	 17.56005 
6.68320 	 17.69591 
6.82094 	 17.82752 
6.95868 	 17.95511 
7.09642 	 18.07888 
7.23416 	 18.19902 
7.37190 	 18.31570 
7.50964 	 18.42908 
7.64738 	 18.53931 
7.78512 	 18.64654 
7.92287 	 18.75091 
8.06061 	 18.85254 
8.19835 	 18.95154 
8.33609 	 19.04803 
8.47383 	 19.14211 
8.61157 	 19.23389 
8.74931 	 19.32345 
8.88705 	 19.41088 
9.02479 	 19.49626 
9.16253 	 19.57968 
9.30028 	 19.66121 
9.43802 	 19.74092 
9.57576 	 19.81888 
9.71350 	 19.89514 
9.85124 	 19.96977 
9.98898 	 20.04284 
10.12672 	 20.11438 
10.26446 	 20.18446 
10.40220 	 20.25312 
10.53994 	 20.32041 
10.67769 	 20.38638 
10.81543 	 20.45107 
10.95317 	 20.51451 
11.09091 	 20.57676 
11.22865 	 20.63784 
11.36639 	 20.69780 
11.50413 	 20.75666 
11.64187 	 20.81446 
11.77961 	 20.87124 
11.91736 	 20.92701 
12.05510 	 20.98182 
12.19284 	 21.03568 
12.33058 	 21.08863 
12.46832 	 21.14069 
12.60606 	 21.19189 
12.74380 	 21.24224 
12.88154 	 21.29178 
13.01928 	 21.34052 
13.15702 	 21.38849 
13.29477 	 21.43570 
13.43251 	 21.48218 
13.57025 	 21.52794 
13.70799 	 21.57301 
13.84573 	 21.61739 
13.98347 	 21.66112 
14.12121 	 21.70419 
14.25895 	 21.74664 
14.39669 	 21.78847 
14.53444 	 21.82970 
14.67218 	 21.87034 
14.80992 	 21.91041 
14.94766 	 21.94992 
15.08540 	 21.98889 
15.22314 	 22.02732 
15.36088 	 22.06523 
15.49862 	 22.10263 
15.63636 	 22.13954 
15.77410 	 22.17595 
15.91185 	 22.21189 
16.04959 	 22.24736 
16.18733 	 22.28238 
16.32507 	 22.31694 
16.46281 	 22.35108 
16.60055 	 22.38478 
16.73829 	 22.41806 
16.87603 	 22.45094 
17.01377 	 22.48341 
17.15152 	 22.51549 
17.28926 	 22.54718 
17.42700 	 22.57850 
17.56474 	 22.60944 
17.70248 	 22.64002 
17.84022 	 22.67025 
17.97796 	 22.70012 
18.11570 	 22.72965 
18.25344 	 22.75885 
18.39118 	 22.78771 
18.52893 	 22.81626 
18.66667 	 22.84448 
18.80441 	 22.87239 
18.94215 	 22.90000 
19.07989 	 22.92731 
19.21763 	 22.95432 
19.35537 	 22.98104 
19.49311 	 23.00748 
19.63085 	 23.03363 
19.76860 	 23.05952 
19.90634 	 23.08513 
20.04408 	 23.11048 
20.18182 	 23.13557 
20.31956 	 23.16040 
20.45730 	 23.18498 
20.59504 	 23.20931 
20.73278 	 23.23340 
20.87052 	 23.25725 
21.00826 	 23.28086 
21.14601 	 23.30425 
21.28375 	 23.32740 
21.42149 	 23.35033 
21.55923 	 23.37304 
21.69697 	 23.39554 
21.83471 	 23.41782 
21.97245 	 23.43989 
22.11019 	 23.46175 
22.24793 	 23.48341 
22.38567 	 23.50487 
22.52342 	 23.52613 
22.66116 	 23.54720 
22.79890 	 23.56808 
22.93664 	 23.58877 
23.07438 	 23.60927 
23.21212 	 23.62959 
23.34986 	 23.64973 
23.48760 	 23.66969 
23.62534 	 23.68948 
23.76309 	 23.70909 
23.90083 	 23.72854 
24.03857 	 23.74781 
24.17631 	 23.76693 
24.31405 	 23.78588 
24.45179 	 23.80467 
24.58953 	 23.82330 
24.72727 	 23.84177 
24.86501 	 23.86010 
25.00275 	 23.87827 
25.14050 	 23.89629 
25.27824 	 23.91416 
25.41598 	 23.93189 
25.55372 	 23.94947 
25.69146 	 23.96692 
25.82920 	 23.98422 
25.96694 	 24.00139 
26.10468 	 24.01842 
26.24242 	 24.03531 
26.38017 	 24.05208 
26.51791 	 24.06871 
26.65565 	 24.08522 
26.79339 	 24.10159 
26.93113 	 24.11784 
27.06887 	 24.13397 
27.20661 	 24.14998 
27.34435 	 24.16586 
27.48209 	 24.18162 
27.61983 	 24.19727 
27.75758 	 24.21280 
27.89532 	 24.22822 
28.03306 	 24.24352 
28.17080 	 24.25871 
28.30854 	 24.27379 
28.44628 	 24.28876 
28.58402 	 24.30362 
28.72176 	 24.31837 
28.85950 	 24.33302 
28.99725 	 24.34757 
29.13499 	 24.36201 
29.27273 	 24.37635 
29.41047 	 24.39059 
29.54821 	 24.40473 
29.68595 	 24.41877 
29.82369 	 24.43271 
29.96143 	 24.44656 
30.09917 	 24.46031 
30.23691 	 24.47397 
30.37466 	 24.48754 
30.51240 	 24.50102 
30.65014 	 24.51440 
30.78788 	 24.52770 
30.92562 	 24.54090 
31.06336 	 24.55402 
31.20110 	 24.56705 
31.33884 	 24.58000 
31.47658 	 24.59286 
31.61433 	 24.60564 
31.75207 	 24.61833 
31.88981 	 24.63094 
32.02755 	 24.64347 
32.16529 	 24.65593 
32.30303 	 24.66830 
32.44077 	 24.68059 
32.57851 	 24.69280 
32.71625 	 24.70494 
32.85399 	 24.71700 
32.99174 	 24.72899 
33.12948 	 24.74090 
33.26722 	 24.75274 
33.40496 	 24.76451 
33.54270 	 24.77620 
33.68044 	 24.78782 
33.81818 	 24.79937 
33.95592 	 24.81085 
34.09366 	 24.82226 
34.23140 	 24.83360 
34.36915 	 24.84488 
34.50689 	 24.85609 
34.64463 	 24.86723 
34.78237 	 24.87830 
34.92011 	 24.88931 
35.05785 	 24.90025 
35.19559 	 24.91114 
35.33333 	 24.92195 
35.47107 	 24.93271 
35.60882 	 24.94340 
35.74656 	 24.95403 
35.88430 	 24.96460 
36.02204 	 24.97511 
36.15978 	 24.98556 
36.29752 	 24.99595 
36.43526 	 25.00628 
36.57300 	 25.01655 
36.71074 	 25.02677 
36.84848 	 25.03693 
36.98623 	 25.04703 
37.12397 	 25.05707 
37.26171 	 25.06706 
37.39945 	 25.07700 
37.53719 	 25.08688 
37.67493 	 25.09671 
37.81267 	 25.10648 
37.95041 	 25.11620 
38.08815 	 25.12587 
38.22590 	 25.13549 
38.36364 	 25.14505 
38.50138 	 25.15456 
38.63912 	 25.16403 
38.77686 	 25.17344 
38.91460 	 25.18280 
39.05234 	 25.19211 
39.19008 	 25.20138 
39.32782 	 25.21059 
39.46556 	 25.21976 
39.60331 	 25.22888 
39.74105 	 25.23796 
39.87879 	 25.24698 
40.01653 	 25.25596 
40.15427 	 25.26490 
40.29201 	 25.27378 
40.42975 	 25.28263 
40.56749 	 25.29143 
40.70523 	 25.30018 
40.84298 	 25.30889 
40.98072 	 25.31756 
41.11846 	 25.32618 
41.25620 	 25.33476 
41.39394 	 25.34330 
41.53168 	 25.35179 
41.66942 	 25.36024 
41.80716 	 25.36865 
41.94490 	 25.37702 
42.08264 	 25.38535 
42.22039 	 25.39364 
42.35813 	 25.40189 
42.49587 	 25.41010 
42.63361 	 25.41827 
42.77135 	 25.42640 
42.90909 	 25.43449 
43.04683 	 25.44254 
43.18457 	 25.45056 
43.32231 	 25.45853 
43.46006 	 25.46647 
43.59780 	 25.47437 
43.73554 	 25.48223 
43.87328 	 25.49006 
44.01102 	 25.49785 
44.14876 	 25.50560 
44.28650 	 25.51332 
44.42424 	 25.52101 
44.56198 	 25.52865 
44.69972 	 25.53626 
44.83747 	 25.54384 
44.97521 	 25.55138 
45.11295 	 25.55889 
45.25069 	 25.56636 
45.38843 	 25.57380 
45.52617 	 25.58121 
45.66391 	 25.58858 
45.80165 	 25.59592 
45.93939 	 25.60323 
46.07713 	 25.61051 
46.21488 	 25.61775 
46.35262 	 25.62496 
46.49036 	 25.63214 
46.62810 	 25.63928 
46.76584 	 25.64640 
46.90358 	 25.65348 
47.04132 	 25.66054 
47.17906 	 25.66756 
47.31680 	 25.67455 
47.45455 	 25.68151 
47.59229 	 25.68844 
47.73003 	 25.69535 
47.86777 	 25.70222 
48.00551 	 25.70906 
48.14325 	 25.71587 
48.28099 	 25.72266 
48.41873 	 25.72942 
48.55647 	 25.73614 
48.69421 	 25.74284 
48.83196 	 25.74951 
48.96970 	 25.75616 
49.10744 	 25.76277 
49.24518 	 25.76936 
49.38292 	 25.77592 
49.52066 	 25.78245 
49.65840 	 25.78896 
49.79614 	 25.79544 
49.93388 	 25.80189 
50.07163 	 25.80832 
50.20937 	 25.81471 
50.34711 	 25.82109 
50.48485 	 25.82744 
50.62259 	 25.83376 
50.76033 	 25.84005 
50.89807 	 25.84633 
51.03581 	 25.85257 
51.17355 	 25.85879 
51.31129 	 25.86499 
51.44904 	 25.87116 
51.58678 	 25.87731 
51.72452 	 25.88343 
51.86226 	 25.88953 
52.00000 	 25.89560 
